,0
0,0.37
1,0.5
2,0.62
3,0.6499999999999999
4,0.6599999999999999
5,0.74
6,0.74
7,0.72
8,0.62
9,0.61
10,0.010000000000000009
11,0.12
12,0.6799999999999999
13,0.51
14,0.20999999999999996
15,-1.0
16,0.19999999999999996
17,-1.0
18,-1.0
19,-1.0
20,0.14
21,0.8200000000000001
22,0.54
23,0.29000000000000004
24,0.64
25,0.77
26,0.6
27,0.6
28,-1.0
29,0.6799999999999999
30,0.31999999999999995
31,0.38
32,0.49
33,0.6499999999999999
34,0.37
35,0.20999999999999996
36,0.6699999999999999
37,0.73
38,0.51
39,0.63
40,0.75
41,0.6599999999999999
42,0.53
43,0.76
44,0.55
45,0.62
46,0.27
47,0.69
48,0.16999999999999993
49,0.6799999999999999
50,0.56
51,0.61
52,0.010000000000000009
53,0.74
54,0.48
55,0.22999999999999998
56,0.63
57,0.6799999999999999
58,0.54
59,0.09999999999999998
60,-1.0
61,0.81
62,0.78
63,0.26
64,0.71
65,0.76
66,0.61
67,0.64
68,0.61
69,0.72
70,0.20999999999999996
71,0.6499999999999999
72,0.63
73,-1.0
74,0.61
75,0.59
76,0.64
77,0.73
78,0.79
79,0.6499999999999999
80,0.59
81,0.76
82,0.54
83,0.78
84,0.75
85,0.59
86,0.7
87,0.6499999999999999
88,0.77
89,0.56
90,0.24
91,0.78
92,0.6499999999999999
93,-1.0
94,0.6799999999999999
95,0.63
96,0.42000000000000004
97,0.76
98,0.6499999999999999
99,0.6799999999999999
100,-1.0
101,0.6
102,0.7
103,0.14
104,0.33999999999999997
105,0.21999999999999997
106,0.75
107,-1.0
108,-1.0
109,-1.0
110,0.62
111,0.5800000000000001
112,-1.0
113,0.13
114,0.79
115,0.19999999999999996
116,0.69
117,0.7
118,0.77
119,0.75
120,0.48
121,0.61
122,-1.0
123,-1.0
124,0.74
125,0.85
126,0.04999999999999993
127,0.74
128,0.20999999999999996
129,0.45999999999999996
130,0.69
131,-1.0
132,-1.0
133,0.62
134,0.6599999999999999
135,0.6599999999999999
136,0.6
137,0.22999999999999998
138,0.36
139,0.36
140,0.6499999999999999
141,-1.0
142,0.08999999999999997
143,0.5
144,0.32999999999999996
145,-1.0
146,-1.0
147,0.020000000000000018
148,0.77
149,0.71
150,0.6
151,0.6599999999999999
152,0.6499999999999999
153,0.69
154,0.71
155,-1.0
156,0.6699999999999999
157,0.4
158,0.73
159,-1.0
160,0.9
161,0.26
162,0.38
163,0.5700000000000001
164,0.7
165,0.04999999999999993
166,0.6699999999999999
167,0.64
168,0.71
169,0.85
170,0.61
171,0.35
172,0.63
173,0.73
174,0.24
175,0.59
176,0.72
177,0.73
178,0.62
179,0.5800000000000001
180,0.44999999999999996
181,0.69
182,0.20999999999999996
183,0.6699999999999999
184,0.42999999999999994
185,0.72
186,0.32999999999999996
187,-1.0
188,0.5800000000000001
189,0.76
190,0.71
191,0.61
192,0.61
193,0.8
194,0.54
195,0.62
196,-1.0
197,0.48
198,0.59
199,0.85
