,0
0,0.6
1,0.49
2,0.53
3,0.72
4,0.77
5,0.6699999999999999
6,0.13
7,0.54
8,0.20999999999999996
9,0.6799999999999999
10,0.61
11,0.6
12,0.61
13,-1.0
14,-1.0
15,0.6799999999999999
16,0.54
17,0.26
18,0.69
19,0.32999999999999996
20,0.17999999999999994
21,0.31999999999999995
22,-1.0
23,0.55
24,0.6699999999999999
25,0.20999999999999996
26,0.7
27,0.6699999999999999
28,0.64
29,0.5800000000000001
30,0.73
31,0.51
32,-1.0
33,-1.0
34,0.62
35,0.49
36,0.37
37,-1.0
38,0.6599999999999999
39,0.04999999999999993
40,0.76
41,-1.0
42,0.6699999999999999
43,0.21999999999999997
44,0.72
45,0.73
46,0.6699999999999999
47,0.42000000000000004
48,0.43999999999999995
49,-1.0
50,0.38
51,0.63
52,0.6
53,0.6499999999999999
54,-1.0
55,0.69
56,0.61
57,0.16999999999999993
58,0.14
59,0.09999999999999998
60,0.71
61,0.6799999999999999
62,0.54
63,0.6599999999999999
64,0.6799999999999999
65,-1.0
66,-1.0
67,0.5
68,0.56
69,-1.0
70,-1.0
71,0.64
72,0.63
73,0.54
74,0.76
75,0.53
76,0.61
77,0.4
78,0.73
79,0.59
80,0.59
81,0.59
82,0.6499999999999999
83,0.61
84,0.6699999999999999
85,0.6499999999999999
86,0.59
87,0.61
88,0.75
89,0.20999999999999996
90,0.21999999999999997
91,-1.0
92,0.84
93,0.73
94,0.54
95,0.69
96,0.43999999999999995
97,0.51
98,0.20999999999999996
99,0.6699999999999999
100,0.74
101,0.12
102,0.52
103,0.55
104,0.5800000000000001
105,0.73
106,0.59
107,0.56
108,0.6699999999999999
109,0.62
110,0.69
111,0.6
112,0.5
113,0.64
114,0.7
115,0.72
116,0.75
117,0.17999999999999994
118,-1.0
119,0.6499999999999999
120,0.22999999999999998
121,0.64
122,0.75
123,0.62
124,0.16999999999999993
125,0.35
126,0.5700000000000001
127,0.78
128,0.24
129,0.76
130,0.56
131,0.72
132,0.75
133,0.71
134,0.62
135,-1.0
136,0.5800000000000001
137,0.6699999999999999
138,0.55
139,-1.0
140,0.6
141,-1.0
142,0.08999999999999997
143,0.6
144,0.74
145,0.83
146,0.47
147,0.35
148,-1.0
149,0.6799999999999999
150,0.64
151,0.64
152,0.6
153,0.6599999999999999
154,0.5800000000000001
155,0.63
156,0.63
157,0.5700000000000001
158,0.42999999999999994
159,0.39
160,0.25
161,0.07999999999999996
162,-1.0
163,0.53
164,-1.0
165,0.53
166,0.69
167,0.43999999999999995
168,0.73
169,0.51
170,0.37
171,0.6
172,-1.0
173,0.27
174,0.41000000000000003
175,0.69
176,0.64
177,0.5
178,-1.0
179,0.29000000000000004
180,0.37
181,0.56
182,0.75
183,0.62
184,0.44999999999999996
185,0.35
186,0.61
187,-1.0
188,0.17999999999999994
189,0.26
190,0.07999999999999996
191,0.53
192,-1.0
193,0.54
194,0.5800000000000001
195,0.6599999999999999
196,0.62
197,-1.0
198,0.05999999999999994
199,0.24
