,0
0,0.49
1,0.36
2,0.72
3,0.5800000000000001
4,0.63
5,0.61
6,0.6499999999999999
7,0.64
8,0.71
9,0.45999999999999996
10,-1.0
11,0.41000000000000003
12,0.64
13,0.55
14,0.05999999999999994
15,0.5700000000000001
16,0.29000000000000004
17,0.53
18,-1.0
19,0.5
20,0.7
21,0.59
22,0.55
23,0.6799999999999999
24,0.41000000000000003
25,0.29000000000000004
26,-1.0
27,0.5700000000000001
28,0.6799999999999999
29,0.64
30,0.6699999999999999
31,-1.0
32,-1.0
33,0.7
34,0.6799999999999999
35,0.12
36,-1.0
37,0.69
38,0.33999999999999997
39,0.51
40,0.18999999999999995
41,0.73
42,0.7
43,0.75
44,0.29999999999999993
45,0.74
46,0.42999999999999994
47,0.32999999999999996
48,0.07999999999999996
49,0.54
50,0.55
51,0.8200000000000001
52,-1.0
53,0.43999999999999995
54,0.6
55,-1.0
56,0.37
57,0.07999999999999996
58,-1.0
59,0.76
60,0.52
61,0.55
62,0.61
63,0.6699999999999999
64,-1.0
65,0.76
66,0.59
67,0.12
68,-1.0
69,0.18999999999999995
70,-1.0
71,0.38
72,0.63
73,0.6499999999999999
74,-1.0
75,-1.0
76,0.63
77,0.17999999999999994
78,0.4
79,0.32999999999999996
80,0.63
81,0.5700000000000001
82,0.59
83,0.5700000000000001
84,-1.0
85,0.61
86,0.39
87,0.59
88,0.64
89,0.51
90,0.64
91,0.30999999999999994
92,0.05999999999999994
93,0.63
94,0.63
95,0.51
96,0.54
97,0.8
98,0.15000000000000002
99,0.73
100,0.51
101,0.71
102,-1.0
103,0.24
104,0.49
105,0.44999999999999996
106,0.10999999999999999
107,0.59
108,-1.0
109,0.69
110,0.10999999999999999
111,0.6499999999999999
112,0.49
113,0.5
114,0.21999999999999997
115,0.54
116,-1.0
117,0.4
118,0.5
119,0.31999999999999995
120,0.76
121,0.76
122,0.06999999999999995
123,0.6499999999999999
124,0.51
125,0.24
126,0.53
127,0.56
128,0.5700000000000001
129,0.42000000000000004
130,0.63
131,0.32999999999999996
132,0.25
133,0.44999999999999996
134,-1.0
135,0.69
136,0.19999999999999996
137,0.55
138,0.62
139,0.6
140,0.72
141,0.61
142,0.86
143,0.14
144,0.6
145,0.54
146,-1.0
147,0.32999999999999996
148,-1.0
149,0.15000000000000002
150,-1.0
151,0.17999999999999994
152,0.54
153,0.6699999999999999
154,0.5800000000000001
155,-1.0
156,0.28
157,-1.0
158,-1.0
159,-1.0
160,0.6799999999999999
161,-1.0
162,0.5700000000000001
163,-1.0
164,-1.0
165,0.71
166,0.59
167,0.7
168,0.54
169,0.36
170,0.56
171,0.42000000000000004
172,0.98
173,0.6499999999999999
174,0.83
175,0.42999999999999994
176,0.32999999999999996
177,0.55
178,-1.0
179,0.7
180,0.27
181,0.38
182,0.6499999999999999
183,0.6
184,0.63
185,0.47
186,0.16999999999999993
187,0.21999999999999997
188,0.83
189,0.17999999999999994
190,0.56
191,0.6799999999999999
192,0.54
193,0.63
194,0.09999999999999998
195,0.75
196,0.97
197,0.74
198,0.6
199,0.19999999999999996
