,0
0,0.55
1,0.14
2,0.53
3,0.52
4,0.040000000000000036
5,-1.0
6,0.06999999999999995
7,-1.0
8,0.62
9,0.24
10,-1.0
11,-1.0
12,-1.0
13,0.69
14,0.16999999999999993
15,-1.0
16,0.15000000000000002
17,-1.0
18,0.30999999999999994
19,0.63
20,-1.0
21,0.5
22,0.69
23,0.6699999999999999
24,0.33999999999999997
25,0.6699999999999999
26,0.6499999999999999
27,0.39
28,0.36
29,0.040000000000000036
30,0.64
31,0.47
32,0.4
33,0.14
34,0.72
35,-1.0
36,0.75
37,-1.0
38,0.6599999999999999
39,0.63
40,0.61
41,0.42000000000000004
42,0.69
43,0.6
44,0.5800000000000001
45,0.48
46,0.75
47,-1.0
48,0.5800000000000001
49,0.63
50,0.6699999999999999
51,0.6
52,0.12
53,0.61
54,0.64
55,0.76
56,-1.0
57,0.75
58,0.6
59,0.17999999999999994
60,0.71
61,0.13
62,0.6
63,0.54
64,0.73
65,0.8
66,0.59
67,0.63
68,-1.0
69,-1.0
70,0.7
71,0.8
72,0.5
73,0.77
74,0.18999999999999995
75,0.74
76,0.55
77,0.19999999999999996
78,0.51
79,0.6699999999999999
80,0.27
81,0.69
82,0.6799999999999999
83,0.010000000000000009
84,0.25
85,-1.0
86,0.45999999999999996
87,0.7
88,0.63
89,0.59
90,0.48
91,0.040000000000000036
92,0.7
93,0.30999999999999994
94,0.56
95,0.6699999999999999
96,0.71
97,0.6699999999999999
98,0.54
99,-1.0
100,0.55
101,0.33999999999999997
102,0.16000000000000003
103,0.64
104,0.61
105,0.28
106,0.7
107,0.5
108,0.6599999999999999
109,0.71
110,0.6599999999999999
111,0.71
112,0.44999999999999996
113,0.53
114,0.17999999999999994
115,0.77
116,0.010000000000000009
117,0.10999999999999999
118,-1.0
119,0.81
120,0.72
121,0.74
122,0.28
123,0.7
124,0.62
125,-1.0
126,0.6
127,0.73
128,0.040000000000000036
129,0.6499999999999999
130,0.5700000000000001
131,0.72
132,0.76
133,0.62
134,0.020000000000000018
135,0.13
136,0.45999999999999996
137,0.73
138,-1.0
139,-1.0
140,0.59
141,0.43999999999999995
142,0.55
143,0.020000000000000018
144,0.74
145,0.52
146,0.72
147,0.6699999999999999
148,0.55
149,0.56
150,-1.0
151,0.71
152,0.5700000000000001
153,0.6
154,0.63
155,-1.0
156,0.48
157,0.06999999999999995
158,-1.0
159,-1.0
160,0.41000000000000003
161,0.73
162,0.76
163,0.71
164,0.62
165,0.42000000000000004
166,0.06999999999999995
167,0.83
168,0.56
169,0.63
170,0.77
171,0.13
172,0.53
173,0.6699999999999999
174,0.6799999999999999
175,0.78
176,0.28
177,0.16999999999999993
178,0.87
179,0.75
180,0.6699999999999999
181,0.56
182,0.63
183,0.6499999999999999
184,0.6699999999999999
185,0.81
186,0.6799999999999999
187,0.55
188,0.18999999999999995
189,-1.0
190,0.69
191,-1.0
192,0.59
193,0.6699999999999999
194,0.62
195,0.78
196,0.31999999999999995
197,0.59
198,0.7
199,0.30999999999999994
