,0
0,0.27
1,0.79
2,0.6799999999999999
3,0.6599999999999999
4,0.6599999999999999
5,0.61
6,0.71
7,0.6
8,-1.0
9,0.56
10,0.6799999999999999
11,0.8200000000000001
12,-1.0
13,0.51
14,0.6599999999999999
15,0.6
16,0.6699999999999999
17,0.6599999999999999
18,0.6699999999999999
19,0.59
20,0.6
21,0.6799999999999999
22,0.010000000000000009
23,0.39
24,0.64
25,-1.0
26,0.7
27,-1.0
28,0.24
29,0.48
30,0.6
31,0.76
32,0.08999999999999997
33,0.64
34,0.5700000000000001
35,0.6699999999999999
36,-1.0
37,0.63
38,0.62
39,-1.0
40,0.19999999999999996
41,0.61
42,0.43999999999999995
43,0.73
44,0.4
45,0.040000000000000036
46,0.19999999999999996
47,0.19999999999999996
48,-1.0
49,0.59
50,0.39
51,0.72
52,0.5
53,0.37
54,0.84
55,0.52
56,0.63
57,0.56
58,0.6799999999999999
59,0.49
60,0.31999999999999995
61,-1.0
62,0.71
63,0.54
64,0.49
65,-1.0
66,0.6
67,0.28
68,0.51
69,-1.0
70,0.6599999999999999
71,0.19999999999999996
72,0.7
73,0.64
74,0.020000000000000018
75,0.6499999999999999
76,0.21999999999999997
77,0.71
78,0.78
79,-1.0
80,-1.0
81,0.6499999999999999
82,0.6499999999999999
83,0.54
84,-1.0
85,-1.0
86,0.56
87,0.55
88,0.6
89,0.74
90,0.74
91,0.79
92,-1.0
93,0.35
94,0.79
95,0.16999999999999993
96,0.73
97,0.06999999999999995
98,0.54
99,0.6499999999999999
100,0.56
101,0.09999999999999998
102,0.47
103,0.6799999999999999
104,-1.0
105,0.79
106,-1.0
107,0.6499999999999999
108,0.7
109,0.6699999999999999
110,0.33999999999999997
111,0.07999999999999996
112,0.020000000000000018
113,0.77
114,0.35
115,0.7
116,0.5700000000000001
117,0.040000000000000036
118,0.29999999999999993
119,0.35
120,0.6499999999999999
121,0.8
122,0.6699999999999999
123,0.15000000000000002
124,0.040000000000000036
125,0.6599999999999999
126,0.7
127,0.63
128,0.6699999999999999
129,0.26
130,0.76
131,0.7
132,0.36
133,0.63
134,-1.0
135,0.64
136,0.12
137,0.6599999999999999
138,0.5700000000000001
139,0.16000000000000003
140,0.6699999999999999
141,0.5800000000000001
142,0.81
143,0.28
144,0.86
145,0.09999999999999998
146,0.59
147,0.44999999999999996
148,0.6699999999999999
149,-1.0
150,0.28
151,0.29999999999999993
152,-1.0
153,0.5700000000000001
154,0.6499999999999999
155,0.6799999999999999
156,-1.0
157,0.36
158,0.72
159,0.8200000000000001
160,-1.0
161,0.30999999999999994
162,0.74
163,0.06999999999999995
164,0.52
165,0.6
166,0.6799999999999999
167,0.6499999999999999
168,0.36
169,0.5800000000000001
170,0.55
171,0.21999999999999997
172,0.6
173,0.30999999999999994
174,0.55
175,0.63
176,-1.0
177,0.6499999999999999
178,0.25
179,0.63
