,0
0,-1.0
1,0.6599999999999999
2,0.6699999999999999
3,0.77
4,0.6599999999999999
5,-1.0
6,-1.0
7,0.74
8,0.7
9,0.6
10,0.62
11,0.6599999999999999
12,0.75
13,0.5700000000000001
14,0.14
15,-1.0
16,0.75
17,0.6599999999999999
18,0.29000000000000004
19,0.6599999999999999
20,0.6799999999999999
21,0.6499999999999999
22,0.64
23,0.6599999999999999
24,-1.0
25,0.05999999999999994
26,0.62
27,0.49
28,-1.0
29,-1.0
30,0.74
31,0.64
32,0.6
33,0.24
34,0.5700000000000001
35,0.59
36,0.08999999999999997
37,0.5800000000000001
38,0.64
39,0.29999999999999993
40,0.8
41,0.42000000000000004
42,-1.0
43,0.74
44,0.16999999999999993
45,0.42999999999999994
46,0.69
47,0.07999999999999996
48,-1.0
49,0.28
50,0.63
51,0.6699999999999999
52,0.69
53,0.28
54,0.6799999999999999
55,0.12
56,0.6
57,0.5
58,0.75
59,-1.0
60,0.6
61,0.63
62,0.6499999999999999
63,0.5700000000000001
64,0.6799999999999999
65,0.6499999999999999
66,0.69
67,0.63
68,-1.0
69,0.62
70,0.75
71,0.12
72,0.59
73,-1.0
74,0.25
75,0.77
76,-1.0
77,-1.0
78,0.52
79,0.7
80,0.6499999999999999
81,0.28
82,0.10999999999999999
83,0.22999999999999998
84,-1.0
85,0.45999999999999996
86,0.6
87,-1.0
88,0.62
89,0.56
90,0.5700000000000001
91,0.63
92,0.63
93,0.030000000000000027
94,0.17999999999999994
95,0.19999999999999996
96,0.21999999999999997
97,0.44999999999999996
98,0.48
99,0.69
100,0.77
101,0.53
102,-1.0
103,0.71
104,0.35
105,0.71
106,0.49
107,0.14
108,0.72
109,0.28
110,0.52
111,0.83
112,0.6499999999999999
113,0.61
114,0.52
115,0.6499999999999999
116,0.8
117,0.6599999999999999
118,-1.0
119,0.61
120,0.27
121,0.54
122,0.59
123,0.71
124,0.63
125,0.7
126,0.59
127,0.59
128,0.59
129,0.5800000000000001
130,0.6599999999999999
131,0.64
132,0.25
133,0.71
134,0.62
135,0.54
136,-1.0
137,0.5700000000000001
138,0.5700000000000001
139,0.53
140,0.51
141,0.71
142,0.63
143,0.62
144,0.6599999999999999
145,0.54
146,0.55
147,0.6599999999999999
148,0.19999999999999996
149,0.72
150,0.08999999999999997
151,0.7
152,0.24
153,0.15000000000000002
154,0.47
155,0.6699999999999999
156,0.42999999999999994
157,0.79
158,0.33999999999999997
159,0.54
160,0.71
161,0.98
162,0.7
163,0.64
164,0.16999999999999993
165,0.44999999999999996
166,0.63
167,0.6799999999999999
168,0.6699999999999999
169,0.63
170,0.74
171,0.71
172,0.64
173,0.72
174,0.73
175,0.5800000000000001
176,0.69
177,0.64
178,-1.0
179,0.5
